832
2045
4646
4950
4950
47207
1463
25746
66341
73948
1450
94338
4061
89339
93468
23199
1908025
6201
258670
246568
246390
312675
2942
370692
226060
144997
204658
93468
410732
175097
227926
93468
428468
95265
13924
295480
435290
171121
481813
529799
441969
624002
467247
771932
80572
778146
1768
68231
389996
411141
545066
9435
346587
1038370
74497
1031584
968032
985731
1071423
265260
389051
611797
454773
227755
121176
1304128
74195
1361981
456703
1099702
1046075
1051115
897272
620054
379024
1463446
989570
131270
1488136
779837
1697017
358004
254477
225808
1937461
301906
370520
1977904
1861534
1593077
1507517
2033457
143397
981831
1555190
1288589
1641305
968292
2256085
496969
350069
2391658
2028195
1191089
2457733
12171
2701352
2726729
710575
1247705
811329
179634
2791230
2977691
1684361
2988578
2963817
2355215
225253
1026898
1552363
2304949
923710
404201
1717213
3153406
128991
875640
1326876
1093075
2096752
297776
1482904
3064192
3277080
741711
3700278
2860907
3819557
2694184
3954343
2077528
1482904
4084374
2475612
3558355
2855510
2803135
2848676
317110
3175152
4089555
2277117
67316
4678798
1349565
3235918
2745013
2073248
1515308
497142
4922601
1593765
1503606
3119991
3170736
2605604
2803329
708883
5235471
781909
1002175
2046117
3573995
1082527
3670010
3108489
4914582
2895784
4739755
5936876
991762
5976632
2066722
2421481
4160560
4224575
1839191
5230401
6331527
1375931
6356581
6345466
4326658
2432942
6345466
3869739
6664333
658493
5531744
5437827
5469534
6900033
5094439
1336736
5257399
6186016
7204843
5109558
7509262
6901603
4221318
5874803
7490485
