1304
11587
14153
5324
983
37386
1212
3024
36182
9204
41283
54719
18927
91
59042
3092116
15168
305
46646
26447
78900
111327
22979
69283
118221
100835
123677
117527
61320
349
55640
100237
45603
114732
23447
158888
151706
122298
138578
104815
23671
110105
3205
184262
45209
122298
85040
201863
12752
221287
121606
230256
193619
69742
69742
80222
53846
242337
36746
180518
17540
120243
62610
220386
310291
3263
9266
127954
264822
71074
1070430
148473
25450
27687
240837
178980
115563
263607
213615
1212
90882
170501
116249
174718
43217
69742
209113
285336
166132
372137
374213
90801
180247
369909
335423
211823
125407
120800
43217
214296
373715
43217
410928
339681
340665
408235
121747
85821
443836
191059
1264583
458618
197791
75699
25418
89218
326250
315815
264347
368599
291813
199861
210780
8516
532477
312907
410856
232918
212434
29823
493928
133209
1632
234175
532422
232593
363767
496949
588939
13895
24303
477415
614411
619088
623048
347716
264292
538017
143684
642384
375828
219728
324553
322928
547231
466227
77070
281092
434051
67875
499417
693856
677406
677406
663456
701076
8741
318680
725417
713652
737424
724310
195109
128948
313650
659350
229304
607907
91
786609
91
32887
295237
788566
252000
343238
220447
389899
387199
207687
567797
362214
125804
71074
222529
572527
364197
491181
289135
484417
248129
189163
213677
850563
54026
741136
876057
499702
915865
749397
192801
992035
226028
376409
1014208
195504
562766
958593
593627
174322
539484
1066647
944867
632736
268733
268733
398670
1100088
1036475
69358
480231
960546
683710
246776
266378
246408
123011
795158
796078
769262
161250
908651
71200
23569
32429
502081
681
1248389
166132
14955
1002902
1280723
1282234
106095
807965
34942
1211139
82037
111575
190467
178083
761590
314661
738068
405030
1365018
1368115
1361882
1123805
1321967
1112462
1056812
447040
1416320
1041868
2109541
1455899
516797
130015
1256275
28817
602257
377486
702664
919036
1026459
1267123
1464221
591004
1482455
441016
776237
325442
326900
1329401
543591
44683
1208289
1062297
323456
178083
1062297
610217
1300963
273723
1308743
1150652
1431250
1041868
425736
311439
111307
622097
515129
1178052
975097
932609
754559
798645
987818
220064
34623
1581665
538370
65912
69346
111307
167485
1362599
1764879
553609
1120192
1649381
769101
140260
1197895
932102
2000540
1137199
1314893
927012
1867581
399772
399772
896631
332578
326820
825637
143378
2146568
2116087
1469954
1794803
862175
1118787
87079
451007
1924530
2183763
2267497
1348351
1666164
2278047
2262071
2031350
669527
322738
1871700
786174
1948270
1407804
1548353
106159
326074
377133
1069456
1115728
1209640
573115
1200218
181087

497043
2477734
581328
731620
1213157
1599472
429764
1058292
571616
2539867
2036351
2238606
1356321
233608
2600181
109646
1425941
3973
608639
1527440
2437521
487207
1527440
986105
2437521
2705925
735123
2067419
2674644
264775
2740586
347484
235472
1982631
1937526
2776936
1020871
2072700
2477734
491950
2834680
776473
1483390
1051601
927945
967857
2154839
2725552
533120
2150749
619177
1867581
745011
2132581
2350086
201863
208514
1582088
1982631
3044705
410219
974815
1085263
586754
1470533
2046795
370115
233928
414521
3068108
2558896
921054
820947
103167
1045381
1070291
803649
1095650
966656
3295623
1959171
746754
139667
1626632
787157

1903668
1420752
1420752
561380
444079
60483
1108397
2561452
489116
843732
3489623
1430171
30155
862563
250254
956332
238626
2300137
1306132
727980
272208
2279488
98215
821772
1001985
2271495
1580348
1241992
300836
1732563
242933
2301531
143378
205376
2055749
3797015
2110463
2119827
235472
1746253
2248441
654019
1423031
249690
1914074
3891026
354018
1472416
2268479
1264176
2333294
4097099
176841
3957090
176841
4119750
454967
1500655
158109
3466899
524861
1262118
463477
2470161
967484
213256
40868
2178438
3403730
2128597
382615
1709190
677004
1557304
1655230
1162884
2526818
256727
3293579
205376
695182
1783971
3861043
963319
4148144
772802
4657932
2377399
8741
561817
1997735
3392354
2099460
695182
867703
2531608
238038
1152801
1797006
3493731
4921002
673852
4306664
1615830
4916831
251680
1530004
5108840
3063148
4034897
1485230
3271820
486704
2565354
498298
801189
190592
224132
189950
930171
1588857
580053
815847
868331
5269368
413501
2417459
2518797
274579
2005616

55075
4061068

754494
878287
2253175
471164
1593077
613064
1405130
2282011
224885
184546
337392
1201115
643951
4835204
1187415
5631139
5503524
1190084
5641475
2541267
430720
1337526
1202683
5969739
2319923
1459996
3826468
5911116
885844
3389585
351025
704008
4282624
5730415
2685914
531971
10468
1248295
1513457
487903
2460631
4997
1349450
1560623
2694172
2506277
5713672
2057691
746100
2419089
355066
3627600
432509
1077158
6698332
5790273
180247
5914702
6736348
1421332
143919
1105889
24874
6489438
3183035
641649
1360263
201303
127670
1766119
1453694
1512091
6382375
87698
1717115
5321415
167935
3262667
4391133
123147
2383721
5591881
150425
143919
189738
945871
4063520
1251750
2036995
6308635
1518759
2548937
1202683
4029561
2709349
7413028
121165
77764
7551199
4649737
163170
1910735
125505
2031820
4811951
1278545
