13502
40120
40120
32354
17382
31317
197036
70942
188264
220816
164216
286802
344310
246568
402430
409821
375828
260127
133203
328048
237575
382458
584081
584081
418029
560431
656934
720094
425380
392823
697187
440403
651394
293048
119540
93647
663030
15161
798645
469935
775964
901999
507229
775964
280825
784318
184466
59775
116875
996305
993179
242769
287592
619381
614065
994107
488505
1179191
1198770
319618
238232
1462520
1500541
1496544
1053946
1635206
1602985
1686143
1677240
1627336
1163200
1317240
1466866
504963
1118764
192910
1279782
279982
572743
777554
1655939
605030
115102
1448763
2015393
1622022
1691699
2097260
574633
1655939
1876205
1657348
1761489
1622894
2103930
1801733
1096739
237575
2282011
1069456
1210825
2406910
3996232
184466
926841
1660014
1168295
2604334
1646877
645613
12597
2830418
2637251
424957
2782741
2102292
2942536
1264018
327785
530589
2189668
3069208
3071626
2254322
2577669
3157524
279313
507770
1459009
1965939
2776780
2733417
1949819
3045039
1018733
1018733
1339876
507043
80932
2776936
1911118
1103848
627334
3603092
3317269
2385503
1787572
558639
1688591
2931220
650492
3383139
3781961
1260682
3381770
2757704
1302145
3782727
916387
3781961
650492
1596886
1626220
4089188
472485
364651
1103561
2300224
2688080
1329644
4194177
3384987
1705800
3265326
3920480
4238643
4327231
4469807
1057286
321629
3277889
2133679
4846464
4814591
4812586
2612235
3400512
1735836
5015113
1008902
3134471
608639
4459346
4822120
3759732
3870905
3598119
3959599
5289633
4477279
5407316
2612235
5553999
5553999
2596334
3693586
2754717
827484
4574639
3093561
1264018
251276
1914757
1088224
5251043
3754356
5862538
1410376
4241633
868972
1879439
2407363
6217993
1550682
5137944
5181908
1909456
3403740
6445358
524504
5520074
3577745
1705267
6652681
6512561
6793201
5843925
1427663
5772884
1093152
5386374
6243726
7232220
2162550
3381858
2801364
7115106
2648463
7115106
7115106
7115106
7115106
1054322
7638078
7211497
756120
7217855
4485156
