72401
119253
144417
144417
220816
133466
293332
126691
319952
328389
350414
409821
196561
345140
304974
487056
233087
470087
96588
85057
663957
663456
559465
644073
700911
406481
828424
868671
340390
408936
254274
336566
844418
964813
193892
1001542
796614
1053908
787319
624074
462608
1086340
1267113
1215751
1215751
419889
319618
1352956
1353336
1405318
1534552
1201889
1354259
1736204
705926
1737848
1311269
1186210
133747
2098877
1447343
706318
1447343
2241603
2241603
1631799
2323357
2278407
237575
1811950
2248845
2415237
2530903
3996232
2445852
2590797
962891
962891
1988509

1392758
448413
2728091
1485362
245416
1669772
2767843
2741209
2713550
1665317
410719
3160344
2316884
2757083
2757083
2757083
3331479
2130515
2640357
2336599
2352671
3605146
2385503
2543550
1927794
1150206
2327728
3929846
1511337
1790803
3782727
3283209
540810
1372455
2454341
4059976
902885
1486387
388751
4398629
2183216
4417652
1813678
3434662
2612235
1304844
1007857
4739152
4738912
385151
4817371
984146
3441308
3409642
1978522
855050
3409642
3062311
1012914
5355545
5419504
4623360
4767885
4279201
2466514
5113398
5802818
5986941
4970088
1291544
3505821
5843036
5516267
5181908
5520058
1540547
1601882
1525238
5151542
4277805
2460850
6793201
6103040
4198957
4507769
3464772
1236547
6367862
3035795
6301042
477340
5890258
453803
7009068
5591286
2648463
1426921
7619808
1327774
