1196
3253
154011
270577
812295
197108
56256
224636
897938
1192435
1238717
1021147
1513201
1223628
1862563
842512
264575
148051
1690098
940173
1985620
2028908
1427144
262523
2674368
2842230
3325512
3752278
2598872
2502331
3790954
4166203
2085689
206711
3282495
3375585
4804787
1036903
1325543
2962174
1742628
4606734
5033128
3346299
4966360
517336
4320378
2181338
2181338
2181338
5420256
5471706
220545
1559232
5816530
5857460
1450312
5647736
4618365
1265929
1186634
856305
6577957
6634696
2355873
4370943
1611516
64734
7143169
6896979
7570228
