1384652
6461
3253
64964
13466
35555
95089
103808
25704
99392
110083
149097
64193
172108
129164
3778
158485
124486
135605
108010
235384
292301
194676
151289
191899
52509
46011
183600
31444
450669
151419
632333
413501
747552
407731
204332
663148
802630
663148
272219
874085
293980
981165
953404
282789
842291
836169
968337
3260
1158956
1152398
111665
923657
1286741
888737
441923
52912
1185774
6359
305668
1313281
1541559
1571638
590674
614262
950182
734691
505996
1143682
1559625
637307
1692965
1122187
787958
1966207
2003512
15366
1966207
2032957
2041790
1966207
1313281
1344789
1425213
2196841
176877
704499
2285933
2296348
2296348
2376526
2033894
2506270
2539228
1282452
2383778
1767366
1127924
2463937
2530756
319135
2213851
155196
2679864
2768913
1946412
2873790
588868
1897926
2788177
1495512
3038689
1876046
3108248
1225249
3167708
1364311
1127547
3305636
2711219
2777790
1364311
1221895
3371930
3463752
3002080
1747138
2250108
2250108
3596751
1047897
944748
3671888
3686113
1804909
3821739
3829208
1032633
2103670
2920277
4029477
3075987
2030097
1461332
4151273
3807084
1705400
3956301
3357270
3572844
4448523
4451736
4059115
1680484
3792450
1688919
2478361
2137649
1172620
3287921
4863718
3305116
4113805
1470498
2719657
1148760
2604948
4996188
984470
5162412
4070846
4758548
3322702
854195
937933
857031
769449
2581585
5343725
5393926
4220727
5465547
5492524
4406532
3262504
5551456
1094778
2005444
5490120
5770538
5656494
5229520
3788767
4752931
6137061
5878831
6170706
850806
1478290
5768697
6230098
460043
584746
6252746
6414835
1828337
6452969
1357113
6631749
6695308
2584472
6713937
6021497
4947892
3272465
6452969
6823705
39677
3291642
3247042
1731940
6251731
5371505
4645124
3776654
7122087
7156529
4382404
2566032
1610034
6905456
6741414
7267795
6082706
7356073
6164961
6704581
3142593
5060710
1820354
501393
3974904
7596334
7596334
4270611
7596334
4350650
7232533
7701185
2530100
