18450
66519
32136
120163
130964
67137
194933
181695
272861
308878
104021
439317
547371
603222
649009
682254
494074
424498
103295
181771
749855
203141
834020
847269
364914
35483
255985
1083046
668417
1327458
978734
1080126
1284654
541999
599634
906592
927589
1252755
686850
188987
1407049
1407049
1772517
1779548
1826295
1588031
320570
1135819
1438680

931664
1808346
1833550
2084671
1179620
1617979
1086777
1629262
1115564
135692
1159107
198536
125415
2496636
2363056
1671537
1053692
726766
507624
1429464
2703153
1800440
2744007
2673955
2761489
1912925
1974961
1779526
1807301
2791230
806747
2423116
1826552
1706114
3126137
821892
1380171
3231320
3382496
3346690
2306145
3365190
3194316
3502213
2856603
3532389
1031541
976073
2777494
2777494
890905
2044661
2545154
3132723
1076683
3914731
3895102
2968465
4079595
3033725
3452733
4239492
4175788
3536236
3515780
4381739
4461772
2048929
3578776
2201096
3121361
2151788
4654513
1812278
4678992
4696056
2052625
2423198
2092517
4781855
4747870
4847017
2786560
2293796
4974634
5000507
117700
4456989
638366
3716837
1477388
4677943
1346793
3011901
5247581
2969770
4169071
701361
5447005
5502200
3787253
4224718
5638978
5097348
3474397
1824334
3781528
3846224
1017413
5852216
4974634
708430
2710160
1584532
3189016
1657309
4434088
811921
973171
5636289
2870492
3421980
5143048
6537087
5171360
61311
5210707
6678298
6668632
39334
6692502
5144741
6365274
6592024
5592518
6883675
1304147
6348498
1320502
1726019
2995175
425895
3198120
4727699
4241483
5938245
4128928
6162667
437506
7428158
7428158
3504684
1157485
7142530
5735012
